609.224 23.2562 326.788 34.3619
619.073 27.4529 335.077 39.3381
614.411 27.3989 331.904 39.4105
347.868 39.0354 61.9878 20.2062
620.762 41.4605 336.136 53.5188
624.466 44.4509 339.876 56.2995
713.794 47.6726 714.214 67.7741
623.52 62.6247 339.183 73.6519
610.877 64.4066 327.3 74.3945
316.36 66.7619 22.6404 46.5088
332.581 67.2999 42.9352 51.2661
623.702 69.7119 338.795 80.1936
609.469 92.4328 324.788 101.403
349.953 94.1729 61.0472 81.3467
632.669 100.383 346.769 110.313
307.296 104.277 13.261 87.428
334.478 105.356 43.6822 91.4832
324.664 106.346 32.3547 91.7761
548.52 107.271 265.773 110.971
390.997 113.287 105.244 105.417
375.457 114.614 88.3237 105.419
626.368 115.357 340.882 124.221
431.256 117.404 147.281 112.843
592.323 117.258 306.627 124.517
598.581 117.357 313.604 124.499
508.164 118.311 225.297 119.387
547.304 120.48 263.981 124.242
707.777 120.111 412.729 135.218
552.189 122.362 268.707 126.344
647.537 122.31 359.475 132.896
520.398 124.549 237.327 126.533
514.179 127.298 231.345 127.738
423.694 127.379 138.772 122.298
642.422 127.542 354.287 137.783
304.283 128.252 9.24888 112.587
686.925 129.446 395.665 142.449
428.408 131.904 143.807 127.3
437.443 131.261 153.532 127.281
493.55 131.583 210.364 132.07
352.29 132.253 63.2303 121.445
390.3 135.49 103.891 128.214
519.542 136.807 236.061 138.485
310.432 137.351 16.0518 123.306
552.631 137.94 268.574 141.711
671.277 137.422 380.845 149.173
574.338 138.284 290.105 143.66
636.116 140.336 348.359 149.325
378.588 142.372 90.6226 134.321
485.527 142.492 201.468 142.26
523.409 143.535 240.151 144.725
668.642 143.28 378.278 154.23
374.807 148.242 86.82 140.198
519.438 153.296 234.956 154.675
314.896 158.484 20.9627 145.67
670.523 159.009 379.046 169.514
338.608 159.263 46.3683 149.276
539.539 159.294 255.273 162.308
573.464 159.6 288.723 164.296
575.256 160.33 290.245 165.235
634.753 163.446 346.896 171.414
599.901 165.257 313.566 171.31
694.251 166.252 401.228 177.338
419.738 167.251 133.607 162.52
536.675 168.382 252.309 170.895
508.99 170.815 224.2 171.687
575.92 171.429 289.91 176.269
579.392 171.293 294.413 176.32
353.404 176.511 62.061 168.4
339.748 177.6 46.6512 168.475
476.627 178.665 191.637 178.371
328.428 179.347 36.1534 169.41
347.876 180.85 56.5683 171.633
603.124 180.477 315.926 186.247
419.049 181.962 132.157 178.247
509.008 181.475 223.639 182.576
333.956 182.257 364.637 164.267
489.553 182.57 205.005 182.423
469.827 183.462 185.418 182.346
595.557 186.169 308.679 191.249
465.561 187.41 180.325 186.286
500.631 187.329 215.756 187.937
319.797 188.467 24.5297 178.262
541.941 189.252 256.528 191.64
404.044 193.506 116.617 189.351
609.979 193.481 322.329 199.51
379.204 194.704 90.5446 189.34
392.612 194.426 103.985 189.333
339.57 195.315 47.0146 187.573
479.266 197.335 193.708 196.503
559.442 198.304 272.766 201.251
655.856 199.486 365.519 207.693
418.238 200.267 131.244 196.334
485.707 203.486 200.408 203.544
574.17 206.044 525.763 207.736
509.951 208.441 223.966 209.374
432.755 210.27 146.202 207.583
494.22 211.486 208.684 211.262
248.435 212.314 522.549 194.257
315.842 212.62 250.022 201.783
587.93 214.234 300.962 218.432
418.881 215.587 131.323 212.529
470.391 215.569 184.298 214.868
401.414 217.304 113.262 213.217
425.276 217.712 138.067 215.323
249.018 218.244 524.001 200.255
390.016 219.457 101.304 215.37
495.177 224.341 209.399 224.798
391.488 225.485 101.816 221.332
570.529 225.35 283.805 228.89
354.773 230.314 63.3263 224.504
482.3 232.829 196.237 232.888
361.267 235.342 283.805 228.89
417.338 239.269 129.834 236.472
384.032 241.309 94.3098 237.389
661.773 241.776 369.577 248.301
603.039 242.494 314.966 246.43
374.072 244.288 84.2751 239.336
538.532 244.604 251.714 246.383
675.353 245.279 382.373 252.358
596.687 246.329 308.226 250.236
476.385 247.31 189.445 247.288
618.398 248.44 329.255 253.36
631.169 248.236 341.125 253.332
421.261 250.341 132.663 248.371
592.888 251.351 304.993 255.286
360.678 252.489 68.7129 248.337
462.75 252.289 175.486 251.356
680.282 252.454 387.239 258.627
378.914 256.346 88.1291 253.235
596.232 257.475 307.894 261.331
601.535 263.699 313.054 267.365
235.578 266.745 268.952 170.582
378.6 266.336 87.407 263.269
509.705 266.404 222.821 267.349
313.755 268.725 16.7506 263.459
325.894 268.3 29.5325 263.327
597.161 268.392 308.707 271.293
541.092 271.285 253.473 273.256
703.963 272.376 407.266 278.489
434.286 273.619 146.222 272.431
427.698 275.836 138.799 274.324
379.439 277.803 88.4618 275.27
361.085 279.405 68.5029 276.31
468.861 281.311 181.721 280.633
355.268 285.522 61.4075 282.586
581.507 286.347 292.905 288.269
379.161 290.349 88.0881 288.274
461.441 290.532 173.442 290.405
403.238 291.325 113.668 289.44
433.362 291.365 144.963 290.598
510.99 291.599 223.313 292.392
310.026 294.3 12.5694 290.337
248.423 295.336 71.4277 288.249
495.91 296.9 208.566 298.056
582.612 296.28 293.701 298.516
589.7 296.519 300.595 299.29
477.565 297.475 189.906 298.047
529.962 297.902 242.257 299.373
471.054 299.497 183.314 299.484
348.353 301.514 54.2721 298.668
395.904 301.661 105.606 300.247
426.078 301.25 137.035 300.386
511.504 303.666 223.602 305.126
601.301 304.56 312.165 307.714
698.64 304.501 402.209 309.198
457.782 305.286 169.941 305.134
401.169 306.331 110.827 305.332
408.69 306.194 118.671 305.252
550.02 308.224 261.844 310.28
619.329 312.409 328.397 315.269
270.75 315.418 172.184 310.266
179.821 319.379 122.032 312.282
599.831 320.473 310.699 322.744
317.137 323.356 19.5233 321.308
540.961 325.882 252.423 327.266
471.714 327.941 182.768 328.373
590.894 327.385 301.414 329.359
430.832 328.441 141.256 328.325
457.844 328.301 169.34 328.437
501.141 329.438 213.126 330.322
402.34 333.879 111.818 333.37
361.36 334.36 68.5612 333.857
422.791 334.309 132.554 334.34
530.287 335.513 242.434 336.513
627.37 337.42 335.984 339.502
538.827 338.234 250.112 339.351
585.108 340.773 295.439 342.333
523.827 342.484 234.836 344.269
409.602 344.561 119.099 344.435
563.391 346.376 273.296 348.371
600.556 346.328 311.159 347.543
617.972 346.374 326.203 348.632
378.599 349.523 86.2407 349.44
597.562 351.363 308.017 353.305
525.374 353.455 236.173 354.666
627.143 356.455 335.412 358.25
523.688 363.311 234.671 364.335
510.738 370.494 220.858 371.295
618.288 372.363 326.401 373.352
598.423 379.329 307.925 380.389
515.725 380.599 228.209 381.53
564.346 380.284 274.594 381.543
201.047 381.473 254.482 381.593
671.446 398.362 375.542 398.363
688.263 398.289 390.832 398.292
695.505 400.332 396.453 400.376
607.933 406.081 317.677 406.274
696.772 405.667 400.06 405.347
609.868 411.254 316.861 411.4
521.684 470.332 231.467 471.282
520.283 476.591 230.414 478.311
388.168 523.29 92.2671 530.306
456.332 524.354 165.216 527.158
440.113 535.21 147.526 539.547
597.914 33.0996 314.816 44.2058
623.68 34.2863 339.338 46.2938
349.673 36.3034 61.9878 20.2062
617.637 41.4365 333.597 53.2693
549.201 51.4997 152.564 58.4621
642.173 58.6179 356.252 72.2617
593.33 59.944 310.015 68.5518
446.222 65.5154 254.42 59.4924
365.276 88.7075 77.9138 76.6624
553.777 101.262 271.352 105.766
672.928 102.485 382.395 116.304
345.529 106.451 55.6583 93.78
632.695 106.428 343.61 116.308
536.896 108.085 254.314 111.016
689.946 109 398.493 123.703
423.977 113.354 140.039 108.091
509.671 112.34 227.163 113.378
630.93 114.607 344.776 124.312
457.065 116.405 173.708 113.059
603.911 119.53 319.243 127.228
424.443 124.379 140.135 119.443
667.382 127.499 377.813 139.345
474.629 129.69 191.304 128.452
560.549 132.301 276.748 136.95
543.738 133.338 260.179 136.616
484.45 134.33 200.204 133.344
634.703 136.242 346.955 145.501
386.421 137.53 99.8275 130.244
577.419 141.455 293.299 147.195
354.561 143.13 64.2969 134.367
433.775 142.397 149.11 138.483
339.727 144.293 48.5197 134.64
532.089 144.318 248.101 147.097
386.663 146.301 99.5916 139.264
539.274 155.487 254.982 158.599
521.303 156.359 237.065 158.278
616.12 158.296 328.977 165.699
472.743 159.279 189.947 158.286
561.535 159.795 276.602 165.351
422.905 163.293 135.873 159.517
528.553 163.291 244.32 164.485
570.556 172.467 285.359 176.564
387.488 179.631 100.014 174.328
479.218 179.286 194.505 178.373
491.994 185.275 206.393 185.26
451.986 188.36 166.373 186.259
459.326 198.288 173.672 196.491
657.226 202.708 366.261 211.076
521.195 204.364 235.886 205.789
356.736 206.413 651.119 195.5
461.805 207.704 175.637 206.36
404.193 208.624 116.166 204.65
417.385 208.944 129.832 205.307
556.409 211.691 270.369 214.93
384.584 214.403 95.8415 209.402
242.987 215.625 517.352 197.259
633.573 216.266 344.044 222.513
608.646 224.67 319.919 230.394
477.651 226.473 190.997 226.375
463.006 227.35 177.018 226.254
573.411 228.269 286.739 231.323
547.526 228.412 261.783 228.465
563.891 231.28 277.572 234.285
547.55 232.289 261.783 228.465
474.327 233.599 188.252 233.283
545.797 233.258 261.783 228.465
456.204 234.458 169.645 233.221
310.422 237.265 15.1859 228.219
400.507 237.392 111.684 233.835
383.504 238.311 93.7308 233.814
556.675 238.3 270.504 240.234
442.418 246.834 155.384 245.43
514.918 246.529 228.485 247.48
428.338 247.261 140.112 245.393
361.578 249.795 69.7521 245.986
647.408 249.798 356.003 255.536
368.444 251.756 77.5976 248.339
702.093 251.548 406.759 259.243
377.165 252.291 86.4564 248.44
638.787 255.377 348.241 260.317
571.283 257.292 284.634 260.302
539.504 258.883 252.732 260.628
372.477 260.891 81.3354 257.73
620.028 263.029 330.386 267.313
406.157 266.333 116.598 264.305
346.652 268.322 52.7273 264.318
362.245 267.577 68.7511 264.395
334.319 268.61 40.6966 264.155
606.024 271.32 316.589 275.355
486.806 274.425 199.128 274.363
488.285 274.404 199.128 274.363
340.668 275.434 46.1293 271.321
554.004 277.384 266.043 280.258
644.165 277.394 353.506 281.68
380.442 280.271 89.5077 277.623
442.428 284.306 153.474 284.15
503.768 287.323 215.888 288.382
469.652 289.396 182.113 289.355
608.394 292.286 319.626 295.275
684.045 292.494 388.219 298.305
631.151 293.66 341.542 298.345
383.029 297.301 91.7114 295.296
517.44 297.274 229.334 298.342
468.955 298.404 180.898 298.459
373.296 300.439 80.9874 298.301
392.66 300.679 102.074 298.775
525.284 303.488 237.55 305.295
250.782 310.54 289.078 302.819
329.902 311.436 34.3675 312.246
389.724 315.347 98.3986 313.399
481.237 317.569 193.243 318.281
508.356 317.47 220.447 318.445
308.761 322.618 10.0224 319.885
324.575 322.302 27.7369 320.269
488.209 323.596 200.05 324.413
413.05 325.632 122.9 325.283
330.299 331.276 34.1418 328.129
364.296 331.48 70.0147 331.001
696.772 332.419 401.733 335.292
232.076 333.459 34.1418 328.129
313.389 333.597 15.1214 332.33
702.489 339.406 404.43 342.424
480.598 351.466 192.474 352.254
627.661 351.652 335.971 353.805
612.788 355.664 322.008 357.398
436.365 356.278 145.957 356.372
558.089 361.367 268.35 362.441
496.021 363.293 206.966 364.294
506.027 368.606 216.97 369.837
399.381 369.644 108.932 370.274
336.041 376.4 38.899 377.331
505.526 376.259 216.892 377.259
533.707 377.351 244.024 378.362
703.396 378.288 406.796 379.454
610.733 385.529 317.758 386.865
422.699 510.521 129.205 515.415
423.892 532.247 130.8 537.366
441.733 534.264 147.526 539.547
610.904 36.1592 328.163 46.3549
622.596 34.493 338.177 46.6439
639.774 84.5385 353.054 96.5541
492.209 98.3489 211.113 98.2742
392.942 106.264 106.835 98.1706
338.895 110.025 48.6573 96.4173
465.288 123.964 181.637 122.032
334.839 129.574 43.5862 117.81
653.627 141.931 364.433 152.169
353.652 144.564 64.2969 134.367
339.853 146.121 48.5197 134.64
591.47 148.388 306.275 154.437
431.666 150.329 145.397 146.503
462.119 153.12 178.92 151.269
537.653 152.798 254.379 156.063
499.422 155.371 215.543 156
619.735 156.386 332.365 164.239
529.849 158.262 245.643 160.024
217.749 160.184 246.586 134.569
429.542 160.57 144.505 156.651
326.59 163.988 32.8794 152.04
363.501 166.167 73.4679 157.918
635.355 167.353 350.479 175.183
638.712 166.544 350.479 175.183
648.226 174.211 358.716 182.358
699.279 176.09 405.279 186.652
514.826 178.108 229.468 179.003
567.643 182.292 282.335 186.217
348.291 185.154 56.6127 176.463
504.879 188.434 219.573 188.298
340.415 188.225 47.9907 180.153
400.886 188.647 113.55 184.691
438.878 192.097 153.75 189.08
553.706 191.969 269.492 193.755
666.578 196.545 374.376 204.965
593.237 212.039 306.219 216.3
617.562 210.295 329.057 216.531
484.687 212.795 198.816 212.56
565.582 220.623 279.044 224.571
626.218 224.211 337.778 230.206
397.494 226.105 109.619 222.075
477.206 226.805 190.997 226.375
662.502 226.497 370.809 234.058
680.653 232.485 387.626 240.125
345.496 234.268 53.1833 228.482
670.88 236.032 378.703 242.482
373.553 237.607 80.9677 231.45
632.955 236.39 342.913 239.666
477.281 263.663 190.7 262.965
490.994 262.397 203.649 262.965
633.555 264.143 342.118 268.717
356.481 266.734 65.0123 263.571
681.959 266.085 388.186 272.079
362.846 269.491 70.5326 265.703
583.743 268.399 295.373 272.111
526.582 270.839 239.312 272.328
685.339 276.918 390.509 282.382
310.51 278.312 14.6733 272.71
567.029 282.146 279.74 284.287
697.779 280.096 402.563 286.071
617.568 282.702 327.533 286.294
486.753 286.172 199.196 286.208
631.643 294.285 341.542 298.345
682.013 294.249 388.219 298.305
466.137 298.021 178.223 298.026
577.418 300.559 289.078 302.819
420.63 304.526 131.031 304.073
469.547 307.944 181.474 307.918
330.774 314.464 34.3675 312.246
478.61 314.299 190.677 314.653
422.173 316.248 132.329 316.088
580.709 320.481 291.859 322.584
488.455 322.048 200.391 323.224
442.191 324.108 153.936 324.275
685.646 325.234 389.486 328.993
330.196 328.668 34.1418 328.129
433.002 332.163 143.308 332.284
462.462 332.265 174.855 332.264
553.899 342.148 264.832 343.986
463.75 354.336 173.861 354.724
626.207 353.966 333.423 355.05
685.717 357.388 390.215 358.926
540.88 359.814 251.204 360.559
558.302 358.475 268.562 360.201
324.913 361.826 27.8515 361.249
401.399 360.424 111.767 360.424
683.246 379.486 386.609 380.6
700.192 396.065 401.162 396.139
510.685 410.42 222.23 410.551
577.817 416.12 287.371 416.456
618.861 416.267 326.858 416.242
150.592 420.071 600.215 426.077
494.425 448.853 204.852 450.084
533.714 452.269 242.346 453.226
371.877 468.138 77.976 473.985
491.135 484.007 197.547 487.76
416.535 522.368 119.513 529.318
637.865 11.2282 353.806 25.1379
633.276 60.4675 347.008 72.3266
599.001 64.3062 313.962 74.3978
648.627 66.7322 364.225 80.8651
344.975 80.0062 55.6925 65.8669
431.083 106.911 149.592 102.191
581.065 107.085 297.278 113.276
523.89 109.947 241.685 112.148
339.162 128.275 46.5372 116.29
574.763 128.4 290.754 134.125
530.348 132.33 246.586 134.569
497.684 134.305 214.148 134.471
396.466 142.468 110.129 136.09
544.365 144.786 260.482 148.339
586.428 146.24 302.125 152.045
603.471 148.514 317.382 155.598
440.379 158.209 155.163 154.686
668.493 169.179 377.637 178.712
649.698 178.604 359.195 186.712
340.858 180.751 48.8033 172.35
601.69 195.166 315.327 200.16
629.575 195.171 340.191 202.454
512.046 200.651 226.803 202.238
517.212 200.394 232.164 202.268
435.882 204.415 144 202.078
630.294 204.554 340.755 211.765
424.585 218.137 137.183 216.264
442.475 218.168 155.332 216.178
669.278 241.846 376.98 248.454
427.976 254.449 139.567 252.622
395.999 256.191 106.561 253.72
595.006 290.153 305.924 292.892
463.556 309.884 175.714 309.816
597.128 314.077 307.54 316.242
330.242 318.406 33.327 316.46
487.913 334.028 199.564 334.149
507.241 338.395 218.378 340.087
397.549 340.231 106.242 340.115
575.374 344.344 285.076 346.274
402.538 348.649 111.938 348.405
564.052 378.868 274.803 380.258
410.849 380.494 119.937 380.612
623.671 414.214 333.906 413.973
397.214 416.225 107.671 418.138
552.76 432.068 254.131 438.267
528.368 438.229 239.72 438.274
423.113 468.897 130.794 472.345
438.664 470.364 150.959 472.354
441.834 470.469 150.959 472.354
422.61 472.908 129.882 476.353
457.904 479.277 167.946 481.257
436.892 482.174 143.59 484.734
355.274 524.189 58.3056 532.571
616.511 16.2364 333.124 28.1522
336.527 92.6924 43.7478 77.9628
533.645 93.7196 250.466 97.3392
453.4 100.55 169.533 96.9362
635.048 107.533 347.548 116.734
670.441 107.33 381.716 119.748
593.186 112.131 309.201 119.71
576.908 131.603 293.263 136.21
630.558 153.348 343.003 162.232
582.76 160.728 297.361 165.822
270.13 169.964 544.255 149.141
582.236 168.818 298.265 175.582
604.666 169.012 317.64 176.376
367.662 176.445 78.5899 167.814
384.103 200.422 95.814 196.098
655.005 200.919 364.454 208.778
429.947 227.761 142.156 223.839
486.525 243.62 199.88 243.703
585.057 245.165 297.168 249.171
413.473 270.743 123.763 270.033
611.778 276.083 323.059 280.389
512.627 280.139 225.325 280.651
374.721 302.968 82.8693 300.596
586.767 303.59 298.51 305.666
616.525 303.771 324.55 307.524
433.204 339.45 143.807 339.614
468.643 339.636 179.792 339.705
449.302 356.982 159.989 357.054
360.775 364.369 67.0745 364.388
479.535 364.135 190.566 364.122
524.475 364.432 236.143 364.531
632.201 368.174 339.209 369.11
461.743 380.262 170.043 380.182
350.536 387.655 56.3184 388.921
582.537 388.385 291.09 388.876
488.741 411.561 199.428 412.485
656.245 412.767 367.618 412.554
362.341 465.908 66.3836 469.481
395.729 471.828 101.84 475.819
437.63 476.575 143.586 480.904
378.052 480.816 84.1085 487.757
417.104 512.466 122.523 517.835
508.054 112.189 225.893 112.322
654.69 157.138 364.634 168.678
542.474 179.811 259.079 182.769
597.776 180.445 310.454 185.252
485.303 211.692 199.998 211.713
604.525 244.551 315.289 249.384
487.819 299.506 199.771 299.519
503.417 352.281 214.512 352.576
505.739 384.062 217.46 384.174
438.274 407.949 146.542 411.63
482.932 443.528 192.661 443.986
493.024 464.113 203.68 464.333
363.859 481.011 68.6033 485.711
584.862 191.738 299.387 199.724
554.049 231.896 267.755 236.467
555.482 312.842 266.896 314.518
480.309 463.401 192.319 463.595
409.355 214.96 119.491 216.535
595.274 270.963 306.368 279.005
394.075 303.363 98.5571 302.693
438.079 480.151 140.605 491.295
480.073 505.053 192.096 505.203
